# COMPUTER_NAME: GH01LV1
# DATE_CODE: 26-Apr-2022_171818
# DIR_CODE: R:\Rmn\9_Nos_Docs\TransfertCT\jm-traitement
# USER_NAME: c.ty
# VERSION: a5823bccd62df53d788c2446ed3c5e81614a564c
# NAME: THIGH
# PATIENT_ID: CL1VY220426
"slice"	"region"	"num_pix"	"B1_RATIO_REG_T2_MAP"	"surface_mm2"	"volume_mm3"
1	"NOISE"	885	101.894	1734.6	17346
2	"NOISE"	885	127.924	1734.6	17346
3	"NOISE"	885	121.981	1734.6	17346
4	"NOISE"	885	112.111	1734.6	17346
5	"NOISE"	885	121.036	1734.6	17346
6	"NOISE"	885	104.686	1734.6	17346
7	"NOISE"	885	102.125	1734.6	17346
8	"NOISE"	885	77.3893	1734.6	17346
9	"NOISE"	885	103.028	1734.6	17346
1	"VL_R"	0	NaN	0	0
2	"VL_R"	0	NaN	0	0
3	"VL_R"	298	88.5377	584.08	5840.8
4	"VL_R"	430	94.9962	842.8	8428
5	"VL_R"	602	95.0445	1179.92	11799.2
6	"VL_R"	715	97.1317	1401.4	14014
7	"VL_R"	466	94.5463	913.36	9133.6
8	"VL_R"	0	NaN	0	0
9	"VL_R"	0	NaN	0	0
1	"VI_R"	0	NaN	0	0
2	"VI_R"	0	NaN	0	0
3	"VI_R"	353	85.5102	691.88	6918.8
4	"VI_R"	431	92.2434	844.76	8447.6
5	"VI_R"	417	93.2929	817.32	8173.2
6	"VI_R"	474	96.9941	929.04	9290.4
7	"VI_R"	659	96.7305	1291.64	12916.4
8	"VI_R"	0	NaN	0	0
9	"VI_R"	0	NaN	0	0
1	"VM_R"	0	NaN	0	0
2	"VM_R"	0	NaN	0	0
3	"VM_R"	838	83.6735	1642.48	16424.8
4	"VM_R"	574	88.6942	1125.04	11250.4
5	"VM_R"	400	91.7746	784	7840
6	"VM_R"	278	98.5498	544.88	5448.8
7	"VM_R"	172	97.0812	337.12	3371.2
8	"VM_R"	0	NaN	0	0
9	"VM_R"	0	NaN	0	0
1	"RF_R"	0	NaN	0	0
2	"RF_R"	0	NaN	0	0
3	"RF_R"	54	70.6728	105.84	1058.4
4	"RF_R"	77	71.6151	150.92	1509.2
5	"RF_R"	263	69.424	515.48	5154.8
6	"RF_R"	294	74.1333	576.24	5762.4
7	"RF_R"	380	71.3269	744.8	7448
8	"RF_R"	0	NaN	0	0
9	"RF_R"	0	NaN	0	0
1	"SAR_R"	0	NaN	0	0
2	"SAR_R"	0	NaN	0	0
3	"SAR_R"	68	94.5811	133.28	1332.8
4	"SAR_R"	80	93.9097	156.8	1568
5	"SAR_R"	75	85.6811	147	1470
6	"SAR_R"	70	79.2994	137.2	1372
7	"SAR_R"	51	69.752	99.96	999.6
8	"SAR_R"	0	NaN	0	0
9	"SAR_R"	0	NaN	0	0
1	"GRA_R"	0	NaN	0	0
2	"GRA_R"	0	NaN	0	0
3	"GRA_R"	40	110.204	78.4	784
4	"GRA_R"	39	112.097	76.44	764.4
5	"GRA_R"	42	110.828	82.32	823.2
6	"GRA_R"	51	106.894	99.96	999.6
7	"GRA_R"	35	102.92	68.6	686
8	"GRA_R"	0	NaN	0	0
9	"GRA_R"	0	NaN	0	0
1	"SM_R"	0	NaN	0	0
2	"SM_R"	0	NaN	0	0
3	"SM_R"	379	116.6	742.84	7428.4
4	"SM_R"	322	120.605	631.12	6311.2
5	"SM_R"	172	122.865	337.12	3371.2
6	"SM_R"	51	126.041	99.96	999.6
7	"SM_R"	24	125.784	47.04	470.4
8	"SM_R"	0	NaN	0	0
9	"SM_R"	0	NaN	0	0
1	"ST_R"	0	NaN	0	0
2	"ST_R"	0	NaN	0	0
3	"ST_R"	160	106.867	313.6	3136
4	"ST_R"	194	112.05	380.24	3802.4
5	"ST_R"	176	112.885	344.96	3449.6
6	"ST_R"	267	116.855	523.32	5233.2
7	"ST_R"	257	116.697	503.72	5037.2
8	"ST_R"	0	NaN	0	0
9	"ST_R"	0	NaN	0	0
1	"BF_R"	0	NaN	0	0
2	"BF_R"	0	NaN	0	0
3	"BF_R"	459	92.9641	899.64	8996.4
4	"BF_R"	478	95.9476	936.88	9368.8
5	"BF_R"	347	94.2518	680.12	6801.2
6	"BF_R"	243	97.5265	476.28	4762.8
7	"BF_R"	97	96.5872	190.12	1901.2
8	"BF_R"	0	NaN	0	0
9	"BF_R"	0	NaN	0	0
1	"AM_R"	0	NaN	0	0
2	"AM_R"	0	NaN	0	0
3	"AM_R"	76	112.99	148.96	1489.6
4	"AM_R"	220	113.551	431.2	4312
5	"AM_R"	641	114.106	1256.36	12563.6
6	"AM_R"	606	116.857	1187.76	11877.6
7	"AM_R"	452	117.557	885.92	8859.2
8	"AM_R"	0	NaN	0	0
9	"AM_R"	0	NaN	0	0
1	"AL_R"	0	NaN	0	0
2	"AL_R"	0	NaN	0	0
3	"AL_R"	0	NaN	0	0
4	"AL_R"	0	NaN	0	0
5	"AL_R"	31	113.156	60.76	607.6
6	"AL_R"	191	114.055	374.36	3743.6
7	"AL_R"	232	106.832	454.72	4547.2
8	"AL_R"	0	NaN	0	0
9	"AL_R"	0	NaN	0	0
1	"VL_L"	0	NaN	0	0
2	"VL_L"	0	NaN	0	0
3	"VL_L"	298	79.6675	584.08	5840.8
4	"VL_L"	403	85.239	789.88	7898.8
5	"VL_L"	504	83.7281	987.84	9878.4
6	"VL_L"	638	87.9713	1250.48	12504.8
7	"VL_L"	550	85.4968	1078	10780
8	"VL_L"	0	NaN	0	0
9	"VL_L"	0	NaN	0	0
1	"VI_L"	0	NaN	0	0
2	"VI_L"	0	NaN	0	0
3	"VI_L"	354	93.1138	693.84	6938.4
4	"VI_L"	330	98.6711	646.8	6468
5	"VI_L"	427	100.299	836.92	8369.2
6	"VI_L"	473	102.938	927.08	9270.8
7	"VI_L"	565	98.4685	1107.4	11074
8	"VI_L"	0	NaN	0	0
9	"VI_L"	0	NaN	0	0
1	"VM_L"	0	NaN	0	0
2	"VM_L"	0	NaN	0	0
3	"VM_L"	666	107.124	1305.36	13053.6
4	"VM_L"	559	114.714	1095.64	10956.4
5	"VM_L"	378	117.488	740.88	7408.8
6	"VM_L"	218	119.93	427.28	4272.8
7	"VM_L"	148	116.343	290.08	2900.8
8	"VM_L"	0	NaN	0	0
9	"VM_L"	0	NaN	0	0
1	"RF_L"	0	NaN	0	0
2	"RF_L"	0	NaN	0	0
3	"RF_L"	40	103.685	78.4	784
4	"RF_L"	76	106.715	148.96	1489.6
5	"RF_L"	130	110.086	254.8	2548
6	"RF_L"	239	112.431	468.44	4684.4
7	"RF_L"	329	110.126	644.84	6448.4
8	"RF_L"	0	NaN	0	0
9	"RF_L"	0	NaN	0	0
1	"SAR_L"	0	NaN	0	0
2	"SAR_L"	0	NaN	0	0
3	"SAR_L"	48	95.5012	94.08	940.8
4	"SAR_L"	46	105.847	90.16	901.6
5	"SAR_L"	56	111.625	109.76	1097.6
6	"SAR_L"	42	116.353	82.32	823.2
7	"SAR_L"	54	118.75	105.84	1058.4
8	"SAR_L"	0	NaN	0	0
9	"SAR_L"	0	NaN	0	0
1	"GRA_L"	0	NaN	0	0
2	"GRA_L"	0	NaN	0	0
3	"GRA_L"	28	78.4825	54.88	548.8
4	"GRA_L"	41	88.4868	80.36	803.6
5	"GRA_L"	29	87.5552	56.84	568.4
6	"GRA_L"	34	92.3079	66.64	666.4
7	"GRA_L"	35	93.6604	68.6	686
8	"GRA_L"	0	NaN	0	0
9	"GRA_L"	0	NaN	0	0
1	"SM_L"	0	NaN	0	0
2	"SM_L"	0	NaN	0	0
3	"SM_L"	400	75.6931	784	7840
4	"SM_L"	340	80.7807	666.4	6664
5	"SM_L"	135	72.629	264.6	2646
6	"SM_L"	28	72.4707	54.88	548.8
7	"SM_L"	0	NaN	0	0
8	"SM_L"	0	NaN	0	0
9	"SM_L"	0	NaN	0	0
1	"ST_L"	0	NaN	0	0
2	"ST_L"	0	NaN	0	0
3	"ST_L"	87	79.2479	170.52	1705.2
4	"ST_L"	139	87.2072	272.44	2724.4
5	"ST_L"	165	84.7386	323.4	3234
6	"ST_L"	206	84.0871	403.76	4037.6
7	"ST_L"	247	79.3222	484.12	4841.2
8	"ST_L"	0	NaN	0	0
9	"ST_L"	0	NaN	0	0
1	"BF_L"	0	NaN	0	0
2	"BF_L"	0	NaN	0	0
3	"BF_L"	437	97.7953	856.52	8565.2
4	"BF_L"	433	104.019	848.68	8486.8
5	"BF_L"	431	102.78	844.76	8447.6
6	"BF_L"	272	102.041	533.12	5331.2
7	"BF_L"	202	99.0872	395.92	3959.2
8	"BF_L"	0	NaN	0	0
9	"BF_L"	0	NaN	0	0
1	"AM_L"	0	NaN	0	0
2	"AM_L"	0	NaN	0	0
3	"AM_L"	189	102.044	370.44	3704.4
4	"AM_L"	445	107.852	872.2	8722
5	"AM_L"	515	102.693	1009.4	10094
6	"AM_L"	570	100.296	1117.2	11172
7	"AM_L"	537	98.5829	1052.52	10525.2
8	"AM_L"	0	NaN	0	0
9	"AM_L"	0	NaN	0	0
1	"AL_L"	0	NaN	0	0
2	"AL_L"	0	NaN	0	0
3	"AL_L"	0	NaN	0	0
4	"AL_L"	0	NaN	0	0
5	"AL_L"	28	118.797	54.88	548.8
6	"AL_L"	114	114.219	223.44	2234.4
7	"AL_L"	293	109.727	574.28	5742.8
8	"AL_L"	0	NaN	0	0
9	"AL_L"	0	NaN	0	0
